10,226
10,224
10,223
10,219
10,218
10,212
10,210
10,209
10,208
10,205
10,204
10,195
10,192
10,182
10,179
10,178
10,174
10,170
10,167
10,166
10,165
10,159
10,151
10,150
10,149
10,143
10,142
10,140
10,139
10,135
10,127
10,125
10,124
10,115
10,114
10,112
10,111
10,110
10,108
10,105
10,104
10,102
10,100
10,98
10,96
10,93
10,92
10,89
10,81
10,75
10,73
10,71
10,70
10,69
10,67
10,64
10,34
10,33
10,31
10,30
10,28
10,27
10,18
10,17
10,13
10,4
10,3
10,2
9,7
9,6
9,5
9,4
9,3
9,2
8,18
8,17
8,16
8,15
8,14
8,13
8,12
8,11
8,10
8,9
8,8
8,7
8,6
8,5
8,4
8,3
8,2
3,3
3,2
0,474
0,425
0,386
0,243
0,9
0,1
2,2
2,3
0,0
0,508
0,268
0,507
0,267
0,506
0,266
0,505
0,265
0,504
0,264
0,503
0,263
0,502
0,262
0,501
0,261
0,500
0,260
0,499
0,259
0,498
0,258
0,497
0,257
0,496
0,256
0,495
0,255
0,494
0,254
0,493
0,253
0,492
0,252
0,491
0,251
0,490
0,250
0,489
0,249
0,488
0,248
0,487
0,247
0,486
0,246
0,485
0,245
0,484
0,244
0,483
0,242
0,482
0,241
0,481
0,240
0,480
0,239
0,479
0,238
0,478
0,237
0,477
0,236
0,476
0,235
0,475
0,234
0,473
0,233
0,472
10,229
10,237
10,245
10,247
10,250
10,251
10,253
10,255
10,256
10,258
10,259
10,261
10,263
10,264
10,266
10,267
10,269
10,270
10,272
10,274
10,275
10,277
10,278
10,280
10,282
10,283
10,285
10,286
10,288
10,289
10,291
10,293
10,294
10,296
10,297
10,299
10,301
10,302
10,304
10,305
10,307
10,308
10,310
10,312
10,313
10,315
10,316
11,2
11,4
11,5
11,7
11,8
11,9
12,2
11,11
11,14
11,15
11,17
11,18
11,20
11,22
11,23
11,25
11,26
11,28
11,30
12,1
19,1
19,2
20,1
20,2
24,0
24,2
24,3
24,5
24,6
25,1
25,3
25,4
26,0
10,88
26,2
26,3
26,4
27,0
27,1
27,3
27,4
28,0
28,2
28,3
28,5
29,0
29,2
29,4
30,0
30,2
30,3
30,5
31,0
31,2
31,4
31,5
31,7
31,8
32,1
32,3
32,4
33,1
33,2
33,4
33,5
33,12
33,65
33,97
33,111
33,112
33,114
33,116
33,117
33,119
33,120
34,1
34,2
34,4
35,0
35,1
35,3
35,4
35,6
35,8
35,9
35,11
35,12
35,15
35,16
35,14
35,10
35,7
35,5
35,2
34,5
34,3
34,0
33,118
33,115
33,113
33,110
33,16
33,11
33,3
33,0
32,2
32,0
31,6
31,3
31,1
30,4
30,1
29,3
29,1
28,4
28,1
27,5
27,2
26,5
10,91
26,1
25,5
25,2
25,0
24,4
24,1
20,3
19,3
13,3
11,29
11,27
11,24
11,21
11,19
11,16
11,12
11,10
12,3
11,6
11,3
11,1
10,314
10,311
10,309
10,306
10,303
10,300
10,298
10,295
10,292
10,290
10,287
10,284
10,281
10,279
10,276
10,273
10,271
10,268
10,265
10,262
10,260
10,257
10,254
10,252
10,249
10,240
0,232
0,471
0,231
0,470
0,230
0,469
0,229
0,468
0,228
0,467
0,227
0,466
0,226
0,465
0,225
0,464
0,224
0,463
0,223
0,462
0,222
0,461
0,221
0,460
0,220
0,459
0,219
0,458
0,218
0,457
0,217
0,456
0,216
0,455
0,215
0,454
0,214
0,453
0,213
0,452
0,212
0,451
0,211
0,450
0,210
0,449
0,209
0,448
0,208
0,447
0,207
0,446
0,206
0,445
0,205
0,311
0,204
0,310
0,203
0,444
0,202
0,309
0,308
0,201
0,307
0,306
0,200
0,305
0,304
0,199
0,303
0,302
0,198
0,301
0,197
0,300
0,196
0,299
0,195
0,298
0,194
0,297
0,193
0,296
0,192
0,295
0,63
0,294
0,62
0,293
0,61
0,292
0,60
0,291
0,59
0,290
0,58
0,289
0,57
0,288
0,56
0,287
0,55
0,286
0,54
0,285
0,53
0,284
0,52
0,443
0,51
0,315
0,282
0,50
0,313
0,281
0,49
0,312
0,280
0,48
0,314
0,279
0,47
0,277
0,46
0,274
0,45
0,442
0,411
0,441
0,410
0,440
0,409
0,439
0,408
0,438
0,407
0,437
0,406
0,436
0,405
0,435
0,404
0,434
0,403
0,433
0,402
0,432
0,401
0,431
0,400
0,430
0,399
0,429
0,398
0,428
0,397
0,427
0,396
0,511
0,395
0,510
0,394
0,509
0,393
0,426
0,392
0,423
0,391
0,422
0,390
0,421
0,389
0,420
0,388
0,419
0,387
0,418
0,385
0,417
0,384
0,416
0,319
0,415
0,318
0,414
0,317
0,413
0,316
0,412
0,283
0,269
0,6
0,5
0,272
0,271
0,278
0,273
0,270
0,12
0,424
0,10
0,8
0,11
0,4
0,2
0,3
0,7
